483,51 -> 483,52 -> 500,52 -> 500,51
484,48 -> 484,43 -> 484,48 -> 486,48 -> 486,38 -> 486,48 -> 488,48 -> 488,43 -> 488,48 -> 490,48 -> 490,45 -> 490,48 -> 492,48 -> 492,40 -> 492,48
490,35 -> 490,31 -> 490,35 -> 492,35 -> 492,31 -> 492,35 -> 494,35 -> 494,29 -> 494,35 -> 496,35 -> 496,26 -> 496,35
492,65 -> 492,64 -> 492,65 -> 494,65 -> 494,59 -> 494,65 -> 496,65 -> 496,64 -> 496,65 -> 498,65 -> 498,62 -> 498,65 -> 500,65 -> 500,63 -> 500,65 -> 502,65 -> 502,59 -> 502,65 -> 504,65 -> 504,64 -> 504,65 -> 506,65 -> 506,63 -> 506,65 -> 508,65 -> 508,63 -> 508,65
499,13 -> 499,15 -> 495,15 -> 495,22 -> 506,22 -> 506,15 -> 501,15 -> 501,13
503,86 -> 507,86
506,68 -> 506,70 -> 502,70 -> 502,77 -> 513,77 -> 513,70 -> 512,70 -> 512,68
509,82 -> 513,82
509,86 -> 513,86
515,82 -> 519,82
515,86 -> 519,86
517,95 -> 522,95
518,84 -> 522,84
519,98 -> 519,99 -> 529,99 -> 529,98
520,92 -> 525,92
521,86 -> 525,86
523,89 -> 528,89
524,95 -> 529,95
527,102 -> 527,106 -> 523,106 -> 523,111 -> 540,111 -> 540,106 -> 533,106 -> 533,102
527,92 -> 532,92
531,95 -> 536,95
538,114 -> 538,116 -> 536,116 -> 536,122 -> 552,122 -> 552,116 -> 544,116 -> 544,114
541,149 -> 541,141 -> 541,149 -> 543,149 -> 543,144 -> 543,149 -> 545,149 -> 545,144 -> 545,149 -> 547,149 -> 547,148 -> 547,149 -> 549,149 -> 549,144 -> 549,149 -> 551,149 -> 551,141 -> 551,149 -> 553,149 -> 553,147 -> 553,149 -> 555,149 -> 555,146 -> 555,149 -> 557,149 -> 557,147 -> 557,149
541,165 -> 541,166 -> 551,166 -> 551,165
545,127 -> 558,127
547,161 -> 551,161
550,158 -> 554,158
551,136 -> 555,136
553,155 -> 557,155
553,161 -> 557,161
554,133 -> 558,133
556,152 -> 560,152
556,158 -> 560,158
557,130 -> 561,130
557,136 -> 561,136
559,155 -> 563,155
559,161 -> 563,161
560,133 -> 564,133
562,158 -> 566,158
563,136 -> 567,136
